0.854074366543153
0.854065918202229
0.854040590778240
0.853998436884734
0.853939543606057
0.853864031605262
0.853772053904997
0.853663794369689
0.853539465923345
0.853399308541948
0.853243587062617
0.853072588853361
0.852886621387461
0.852686009765394
0.852471094224866
0.852242227676278
0.851999773296906
0.851744102212587
0.851475591290931
0.851194621065194
0.850901573803287
0.850596831731847
0.850280775421261
0.849953782333827
0.849616225534073
0.849268472557607
0.848910884432669
0.848543814846887
0.848167609450457
0.847782605286130
0.847389130335865
0.846987503173766
0.846578032714968
0.846161018050348
0.845736748357289
0.845305502877246
0.844867550951396
0.844423152106287
0.843972556182051
0.843516003496385
0.843053725038165
0.842585942685167
0.842112869440988
0.841634709686818
0.841151659444218
0.840663906645592
0.840171631409441
0.839675006317916
0.839174196694559
0.838669360880417
0.838160650507047
0.837648210765162
0.837132180667897
0.836612693307893
0.836089876107553
0.835563851061975
0.835034734974222
0.834502639682661
0.833967672280245
0.833429935325639
0.832889527046222
0.832346541532987
0.831801068927463
0.831253195600792
0.830703004325122
0.830150574437525
0.829595981996638
0.829039299932266
0.828480598188171
0.827919943858304
0.827357401316702
0.826793032341330
0.826226896232087
0.825659049923227
0.825089548090443
0.824518443252837
0.823945785870018
0.823371624434533
0.822796005559870
0.822218974064211
0.821640573050174
0.821060843980700
0.820479826751296
0.819897559758801
0.819314079966850
0.818729422968191
0.818143623044025
0.817556713220503
0.816968725322530
0.816379690025005
0.815789636901633
0.815198594471426
0.814606590243006
0.814013650756827
0.813419801625420
0.812825067571752
0.812229472465804
0.811633039359454
0.811035790519743
0.810437747460622
0.809838930973228
0.809239361154798
0.808639057436254
0.808038038608552
0.807436322847835
0.806833927739468
0.806230870300996
0.805627167004083
0.805022833795482
0.804417886117084
0.803812338925088
0.803206206708338
0.802599503505862
0.801992242923660
0.801384438150764
0.800776101974620
0.800167246795816
0.799557884642177
0.798948027182283
0.798337685738410
0.797726871298937
0.797115594530238
0.796503865788083
0.795891695128578
0.795279092318649
0.794666066846108
0.794052627929312
0.793438784526430
0.792824545344348
0.792209918847209
0.791594913264627
0.790979536599572
0.790363796635945
0.789747700945864
0.789131256896662
0.788514471657623
0.787897352206449
0.787279905335493
0.786662137657747
0.786044055612608
0.785425665471426
0.784806973342846
0.784187985177952
0.783568706775219
0.782949143785285
0.782329301715551
0.781709185934604
0.781088801676494
0.780468154044844
0.779847248016822
0.779226088446964
0.778604680070872
0.777983027508767
0.777361135268931
0.776739007751022
0.776116649249271
0.775494063955578
0.774871255962490
0.774248229266090
0.773624987768774
0.773001535281942
0.772377875528599
0.771754012145865
0.771129948687401
0.770505688625758
0.769881235354646
0.769256592191127
0.768631762377740
0.768006749084553
0.767381555411151
0.766756184388557
0.766130638981097
0.765504922088196
0.764879036546128
0.764252985129699
0.763626770553891
0.763000395475436
0.762373862494362
0.761747174155472
0.761120332949789
0.760493341315954
0.759866201641576
0.759238916264549
0.758611487474324
0.757983917513143
0.757356208577235
0.756728362817980
0.756100382343037
0.755472269217432
0.754844025464626
0.754215653067539
0.753587153969555
0.752958530075489
0.752329783252530
0.751700915331160
0.751071928106037
0.750442823336864
0.749813602749225
0.749184268035400
0.748554820855160
0.747925262836532
0.747925262836532
0.747925262836532
0.747925262836532
0.747925262836532
0.747925262836532
0.747925262836532
0.747925262836532
0.747925262836532
0.747925262836532
0.747925262836532
0.747925262836532
0.747925262836532
0.747925262836532
0.747925262836532
0.747925262836532
0.747925262836532
0.747925262836532
0.747925262836532
0.747925262836532
0.747925262836532
0.747925262836532
0.747925262836532
0.747925262836532
0.747925262836532
0.747925262836532
0.747925262836532
0.747925262836532
0.747925262836532
0.747925262836532
0.747925262836532
0.747925262836532
0.747925262836532
0.747925262836532
0.747925262836532
0.747925262836532
0.747925262836532
0.747925262836532
0.747925262836532
0.747925262836532
0.747925262836532
0.747925262836532
0.747925262836532
0.747925262836532
0.747925262836532
0.747925262836532
0.747925262836532
0.747925262836532
0.747925262836532
0.747925262836532
0.747925262836532
0.747925262836532
0.747925262836532
0.747925262836532
0.747925262836532
0.747925262836532
0.747925262836532
0.747925262836532
0.747925262836532
0.747925262836532
0.747925262836532
0.747925262836532
0.747925262836532
0.747925262836532
0.747925262836532
0.747925262836532
0.747925262836532
0.747925262836532
0.747925262836532
0.747925262836532
0.747925262836532
0.747925262836532
0.747925262836532
0.747925262836532
0.747925262836532
0.747925262836532
0.747925262836532
0.747925262836532
0.747925262836532
0.747925262836532
0.747925262836532
0.747925262836532
0.747925262836532
0.747925262836532
0.747925262836532
0.747925262836532
0.747925262836532
0.747925262836532
0.747925262836532
0.747925262836532
0.747925262836532
0.747925262836532
0.747925262836532
0.747925262836532
0.747925262836532
0.747925262836532
0.747925262836532
0.747925262836532
0.747925262836532
0.747925262836532
0.747925262836532
0.747925262836532
0.747925262836532
0.747925262836532
0.747925262836532
0.747925262836532
0.747925262836532
0.747925262836532
0.747925262836532
0.747925262836532
0.747925262836532
0.747925262836532
0.747925262836532
0.747925262836532
0.747925262836532
0.747925262836532
0.747925262836532
0.747925262836532
0.747925262836532
0.747925262836532
0.747925262836532
0.747925262836532
0.747925262836532
0.747925262836532
0.747925262836532
0.747925262836532
0.747925262836532
0.747925262836532
0.747925262836532
0.747925262836532
0.747925262836532
0.747925262836532
0.747925262836532
0.747925262836532
0.747925262836532
0.747925262836532
0.747925262836532
0.747925262836532
0.747925262836532
0.747925262836532
0.747925262836532
0.747925262836532
0.747925262836532
0.747925262836532
0.747925262836532
0.747925262836532
0.747925262836532
0.747925262836532
0.747925262836532
0.747925262836532
0.747925262836532
0.747925262836532
0.747925262836532
0.747925262836532
0.747925262836532
0.747925262836532
0.747925262836532
0.747925262836532
0.747925262836532
0.747925262836532
0.747925262836532
0.747925262836532
0.747925262836532
0.747925262836532
0.747925262836532
0.747925262836532
0.747925262836532
0.747925262836532
0.747925262836532
0.747925262836532
0.747925262836532
0.747925262836532
0.747925262836532
0.747925262836532
0.747925262836532
0.747925262836532
0.747925262836532
0.747925262836532
0.747925262836532
0.747925262836532
0.747925262836532
0.747925262836532
0.747925262836532
0.747925262836532
0.747925262836532
0.747925262836532
0.747925262836532
0.747925262836532
0.747925262836532
0.747925262836532
0.747925262836532
0.747925262836532
0.747925262836532
0.747925262836532
0.747925262836532
0.747925262836532
0.747925262836532
0.747925262836532
0.747925262836532
0.747925262836532
0.747925262836532
0.747925262836532
0.747925262836532
0.747925262836532
0.747925262836532
0.747925262836532
0.747925262836532
0.747925262836532
0.747925262836532
0.747925262836532
0.747925262836532
0.747925262836532
0.747925262836532
0.747925262836532
0.747925262836532
0.747925262836532
0.747925262836532
0.747925262836532
0.747925262836532
0.747925262836532
0.747925262836532
0.747925262836532
0.747925262836532
0.747925262836532
0.747925262836532
0.747925262836532
0.747925262836532
0.747925262836532
0.747925262836532
0.747925262836532
0.747925262836532
0.747925262836532
0.747925262836532
0.747925262836532
0.747925262836532
0.747925262836532
0.747925262836532
0.747925262836532
0.747925262836532
0.747925262836532
0.747925262836532
0.747925262836532
0.747925262836532
0.747925262836532
0.747925262836532
0.747925262836532
0.747925262836532
0.747925262836532
0.747925262836532
0.747925262836532
0.747925262836532
0.747925262836532
0.747925262836532
0.747925262836532
0.747925262836532
0.747925262836532
0.747925262836532
0.747925262836532
0.747925262836532
0.747925262836532
0.747925262836532
0.747925262836532
0.747925262836532
0.747925262836532
0.747925262836532
0.747925262836532
0.747925262836532
0.747925262836532
0.747925262836532
0.747925262836532
0.747925262836532
0.747925262836532
0.747925262836532
0.747925262836532
0.747925262836532
0.747925262836532
0.747925262836532
0.747925262836532
0.747925262836532
0.747925262836532
0.747925262836532
0.747925262836532
0.747925262836532
0.747925262836532
0.747925262836532
0.747925262836532
0.747925262836532
0.747925262836532
0.747925262836532
0.747925262836532
0.747925262836532
0.747925262836532
0.747925262836532
0.747925262836532
0.747925262836532
0.747925262836532
0.747925262836532
0.747925262836532
0.747925262836532
0.747925262836532
0.747925262836532
0.747925262836532
0.747925262836532
0.747925262836532
0.747925262836532
0.747925262836532
0.747925262836532
0.747925262836532
0.747925262836532
0.747925262836532
0.747925262836532
0.747925262836532
0.747925262836532
0.747925262836532
0.747925262836532
0.747925262836532
0.747925262836532
0.747925262836532
0.747925262836532
0.747925262836532
0.747925262836532
0.747925262836532
0.747925262836532
0.747925262836532
0.747925262836532
0.747925262836532
0.747925262836532
0.747925262836532
0.747925262836532
0.747925262836532
0.747925262836532
0.747925262836532
0.747925262836532
0.747925262836532
0.747925262836532
0.747925262836532
0.747925262836532
0.747925262836532
0.747925262836532
0.747925262836532
0.747925262836532
0.747925262836532
0.747925262836532
0.747925262836532
0.747925262836532
0.747925262836532
0.747925262836532
0.747925262836532
0.747925262836532
0.747925262836532
0.747925262836532
0.747925262836532
0.747925262836532
0.747925262836532
0.747925262836532
0.747925262836532
0.747925262836532
0.747925262836532
0.747925262836532
0.747925262836532
0.747925262836532
0.747925262836532
0.747925262836532
0.747925262836532
0.747925262836532
0.747925262836532
0.747925262836532
0.747925262836532
0.747925262836532
0.747925262836532
0.747925262836532
0.747925262836532
0.747925262836532
0.747925262836532
0.747925262836532
0.747925262836532
0.747925262836532
0.747925262836532
0.747925262836532
0.747925262836532
0.747925262836532
0.747925262836532
0.747925262836532
0.747925262836532
0.747925262836532
0.747925262836532
0.747925262836532
0.747925262836532
0.747925262836532
0.747925262836532
0.747925262836532
0.747925262836532
0.747925262836532
0.747925262836532
0.747925262836532
0.747925262836532
0.747925262836532
0.747925262836532
0.747925262836532
0.747925262836532
0.747925262836532
0.747925262836532
0.747925262836532
0.747925262836532
0.747925262836532
0.747925262836532
0.747925262836532
0.747925262836532
0.747925262836532
0.747925262836532
0.747925262836532
0.747925262836532
0.747925262836532
0.747925262836532
0.747925262836532
0.747925262836532
0.747925262836532
0.747925262836532
0.747925262836532
0.747925262836532
0.747925262836532
0.747925262836532
0.747925262836532
0.747925262836532
0.747925262836532
0.747925262836532
0.747925262836532
0.747925262836532
0.747925262836532
0.747925262836532
0.747925262836532
0.747925262836532
0.747925262836532
0.747925262836532
0.747925262836532
0.747925262836532
0.747925262836532
0.747925262836532
0.747925262836532
0.747925262836532
0.747925262836532
0.747925262836532
0.747925262836532
0.747925262836532
0.747925262836532
0.747925262836532
0.747925262836532
0.747925262836532
0.747925262836532
0.747925262836532
0.747925262836532
0.747925262836532
0.747925262836532
0.747925262836532
0.747925262836532
0.747925262836532
0.747925262836532
0.747925262836532
0.747925262836532
0.747925262836532
0.747925262836532
0.747925262836532
0.747925262836532
0.747925262836532
0.747925262836532
0.747925262836532
0.747925262836532
0.747925262836532
0.747925262836532
0.747925262836532
0.747925262836532
0.747925262836532
0.747925262836532
0.747925262836532
0.747925262836532
0.747925262836532
0.747925262836532
0.747925262836532
0.747925262836532
0.747925262836532
0.747925262836532
0.747925262836532
0.747925262836532
0.747925262836532
0.747925262836532
0.747925262836532
0.747925262836532
0.747925262836532
0.747925262836532
0.747925262836532
0.747925262836532
0.747925262836532
0.747925262836532
0.747925262836532
0.747925262836532
0.747925262836532
0.747925262836532
0.747925262836532
0.747925262836532
0.747925262836532
0.747925262836532
0.747925262836532
0.747925262836532
0.747925262836532
0.747925262836532
0.747925262836532
0.747925262836532
0.747925262836532
0.747925262836532
0.747925262836532
0.747925262836532
0.747925262836532
0.747925262836532
0.747925262836532
0.747925262836532
0.747925262836532
0.747925262836532
0.747925262836532
0.747925262836532
0.747925262836532
0.747925262836532
0.747925262836532
0.747925262836532
0.747925262836532
0.747925262836532
0.747925262836532
0.747925262836532
0.747925262836532
0.747925262836532
0.747925262836532
0.747925262836532
0.747925262836532
0.747925262836532
0.747925262836532
0.747925262836532
0.747925262836532
0.747925262836532
0.747925262836532
0.747925262836532
0.747925262836532
0.747925262836532
0.747925262836532
0.747925262836532
0.747925262836532
0.747925262836532
0.747925262836532
0.747925262836532
0.747925262836532
0.747925262836532
0.747925262836532
0.747925262836532
0.747925262836532
0.747925262836532
0.747925262836532
0.747925262836532
0.747925262836532
0.747925262836532
0.747925262836532
0.747925262836532
0.747925262836532
0.747925262836532
0.747925262836532
0.747925262836532
0.747925262836532
0.747925262836532
0.747925262836532
0.747925262836532
0.747925262836532
0.747925262836532
0.747925262836532
0.747925262836532
0.747925262836532
0.747925262836532
0.747925262836532
0.747925262836532
0.747925262836532
0.747925262836532
0.747925262836532
0.747925262836532
0.747925262836532
0.747925262836532
0.747925262836532
0.747925262836532
0.747925262836532
0.747925262836532
0.747925262836532
0.747925262836532
0.747925262836532
0.747925262836532
0.747925262836532
0.747925262836532
0.747925262836532
0.747925262836532
0.747925262836532
0.747925262836532
0.747925262836532
0.747925262836532
0.747925262836532
0.747925262836532
0.747925262836532
0.747925262836532
0.747925262836532
0.747925262836532
0.747925262836532
0.747925262836532
0.747925262836532
0.747925262836532
0.747925262836532
0.747925262836532
0.747925262836532
0.747925262836532
0.747925262836532
0.747925262836532
0.747925262836532
0.747925262836532
0.747925262836532
0.747925262836532
0.747925262836532
0.747925262836532
0.747925262836532
0.747925262836532
0.747925262836532
0.747925262836532
0.747925262836532
0.747925262836532
0.747925262836532
0.747925262836532
0.747925262836532
0.747925262836532
0.747925262836532
0.747925262836532
0.747925262836532
0.747925262836532
0.747925262836532
0.747925262836532
0.747925262836532
0.747925262836532
0.747925262836532
0.747925262836532
0.747925262836532
0.747925262836532
0.747925262836532
0.747925262836532
0.747925262836532
0.747925262836532
0.747925262836532
0.747925262836532
0.747925262836532
0.747925262836532
0.747925262836532
0.747925262836532
0.747925262836532
0.747925262836532
0.747925262836532
0.747925262836532
0.747925262836532
0.747925262836532
0.747925262836532
0.747925262836532
0.747925262836532
0.747925262836532
0.747925262836532
0.747925262836532
0.747925262836532
0.747925262836532
0.747925262836532
0.747925262836532
0.747925262836532
0.747925262836532
0.747925262836532
0.747925262836532
0.747925262836532
0.747925262836532
0.747925262836532
0.747925262836532
0.747925262836532
0.747925262836532
0.747925262836532
0.747925262836532
0.747925262836532
0.747925262836532
0.747925262836532
0.747925262836532
0.747925262836532
0.747925262836532
0.747925262836532
0.747925262836532
0.747925262836532
0.747925262836532
0.747925262836532
0.747925262836532
0.747925262836532
0.747925262836532
0.747925262836532
0.747925262836532
0.747925262836532
0.747925262836532
0.747925262836532
0.747925262836532
0.747925262836532
0.747925262836532
0.747925262836532
0.747925262836532
0.747925262836532
0.747925262836532
0.747925262836532
0.747925262836532
0.747925262836532
0.747925262836532
0.747925262836532
0.747925262836532
0.747925262836532
0.747925262836532
0.747925262836532
0.747925262836532
0.747925262836532
0.747925262836532
0.747925262836532
0.747925262836532
0.747925262836532
0.747925262836532
0.747925262836532
0.747925262836532
0.747925262836532
0.747925262836532
0.747925262836532
0.747925262836532
0.747925262836532
0.747925262836532
0.747925262836532
0.747925262836532
0.747925262836532
0.747925262836532
0.747925262836532
0.747925262836532
0.747925262836532
0.747925262836532
0.747925262836532
0.747925262836532
0.747925262836532
0.747925262836532
0.747925262836532
0.747925262836532
0.747925262836532
0.747925262836532
0.747925262836532
0.747925262836532
0.747925262836532
0.747925262836532
0.747925262836532
0.747925262836532
0.747925262836532
0.747925262836532
0.747925262836532
0.747925262836532
0.747925262836532
0.747925262836532
0.747925262836532
0.747925262836532
0.747925262836532
0.747925262836532
0.747925262836532
0.747925262836532
0.747925262836532
0.747925262836532
0.747925262836532
0.747925262836532
0.747925262836532
0.747925262836532
0.747925262836532
0.747925262836532
0.747925262836532
0.747925262836532
0.747925262836532
0.747925262836532
0.747925262836532
0.747925262836532
0.747925262836532
0.747925262836532
0.747925262836532
0.747925262836532
0.747925262836532
0.747925262836532
0.747925262836532
0.747925262836532
0.747925262836532
0.747925262836532
0.747925262836532
0.747925262836532
0.747925262836532
0.747925262836532
0.747925262836532
0.747925262836532
0.747925262836532
0.747925262836532
0.747925262836532
0.747925262836532
0.747925262836532
0.747925262836532
0.747925262836532
0.747925262836532
0.747925262836532
0.747925262836532
0.747925262836532
0.747925262836532
0.747925262836532
0.747925262836532
0.747925262836532
0.747925262836532
0.747925262836532
0.747925262836532
0.747925262836532
0.747925262836532
0.747925262836532
0.747925262836532
0.747925262836532
0.747925262836532
0.747925262836532
0.747925262836532
0.747925262836532
0.747925262836532
0.747925262836532
0.747925262836532
0.747925262836532
0.747925262836532
0.747925262836532
0.747925262836532
0.747925262836532
0.747925262836532
0.747925262836532
0.747925262836532
0.747925262836532
0.747925262836532
0.747925262836532
0.747925262836532
0.747925262836532
0.747925262836532
0.747925262836532
0.747925262836532
0.747925262836532
0.747925262836532
0.747925262836532
0.747925262836532
0.747925262836532
0.747925262836532
0.747925262836532
0.747925262836532
0.747925262836532
0.747925262836532
0.747925262836532
0.747925262836532
0.747925262836532
0.747925262836532
0.747925262836532
0.747925262836532
0.747925262836532
0.747925262836532
0.747925262836532
0.747925262836532
0.747925262836532
0.747925262836532
0.747925262836532
0.747925262836532
0.747925262836532
0.747925262836532
0.747925262836532
0.747925262836532
0.747925262836532
0.747925262836532
0.747925262836532
0.747925262836532
0.747925262836532
0.747925262836532
0.747925262836532
0.747925262836532
0.747925262836532
0.747925262836532
0.747925262836532
0.747925262836532
0.747925262836532
0.747925262836532
0.747925262836532
0.747925262836532
0.747925262836532
0.747925262836532
0.747925262836532
0.747925262836532
0.747925262836532
0.747925262836532
0.747925262836532
0.747925262836532
0.747925262836532
0.747925262836532
0.747925262836532
0.747925262836532
0.747925262836532
0.747925262836532
0.747925262836532
0.747925262836532
0.747925262836532
0.747925262836532
0.747925262836532
0.747925262836532
0.747925262836532
0.747925262836532
0.747925262836532
0.747925262836532
0.747925262836532
0.747925262836532
0.747925262836532
0.747925262836532
0.747925262836532
0.747925262836532
0.747925262836532
0.747925262836532
0.747925262836532
0.747925262836532
0.747925262836532
0.747925262836532
0.747925262836532
0.747925262836532
0.747925262836532
0.747925262836532
0.747925262836532
0.747925262836532
0.747925262836532
0.747925262836532
0.747925262836532
0.747925262836532
0.747925262836532
0.747925262836532
0.747925262836532
0.747925262836532
0.747925262836532
0.747925262836532
0.747925262836532
0.747925262836532
0.747925262836532
0.747925262836532
0.747925262836532
0.747925262836532
0.747925262836532
0.747925262836532
0.747925262836532
0.747925262836532
0.747925262836532
0.747925262836532
0.747925262836532
0.747925262836532
0.747925262836532
0.747925262836532
0.747925262836532
0.747925262836532
0.747925262836532
0.747925262836532
0.747925262836532
0.747925262836532
0.747925262836532
0.747925262836532
0.747925262836532
0.747925262836532
0.747925262836532
0.747925262836532
0.747925262836532
0.747925262836532
0.747925262836532
0.747925262836532
0.747925262836532
0.747925262836532
0.747925262836532
0.747925262836532
0.747925262836532
0.747925262836532
0.747925262836532
0.747925262836532
0.747925262836532
0.747925262836532
0.747925262836532
0.747925262836532
0.747925262836532
0.747925262836532
0.747925262836532
0.747925262836532
0.747925262836532
0.747925262836532
0.747925262836532
0.747925262836532
0.747925262836532
0.747925262836532
0.747925262836532
0.747925262836532
0.747925262836532
0.747925262836532
0.747925262836532
0.747925262836532
0.747925262836532
0.747925262836532
0.747925262836532
0.747925262836532
0.747925262836532
0.747925262836532
0.747925262836532
0.747925262836532
0.747925262836532
0.747925262836532
0.747925262836532
0.747925262836532
0.747925262836532
0.747925262836532
0.747925262836532
0.747925262836532
0.747925262836532
0.747925262836532
0.747925262836532
0.747925262836532
0.747925262836532
0.747925262836532
0.747925262836532
0.747925262836532
0.747925262836532
0.747925262836532
0.747925262836532
0.747925262836532
0.747925262836532
0.747925262836532
0.747925262836532
0.747925262836532
0.747925262836532
0.747925262836532
0.747925262836532
0.747925262836532
0.747925262836532
0.747925262836532
0.747925262836532
0.747925262836532
0.747925262836532
0.747925262836532
0.747925262836532
0.747925262836532
0.747925262836532
0.747925262836532
0.747925262836532
0.747925262836532
0.747925262836532
0.747925262836532
0.747925262836532
0.747925262836532
0.747925262836532
0.747925262836532
0.747925262836532
0.747925262836532
0.747925262836532
0.747925262836532
0.747925262836532
0.747925262836532
0.747925262836532
0.747925262836532
0.747925262836532
0.747925262836532
0.747925262836532
0.747925262836532
0.747925262836532
0.747925262836532
0.747925262836532
0.747925262836532
0.747925262836532
0.747925262836532
0.747925262836532
0.747925262836532
0.747925262836532
0.747925262836532
0.747925262836532
0.747925262836532
0.747925262836532
0.747925262836532
0.747925262836532
0.747925262836532
0.747925262836532
0.747925262836532
0.747925262836532
0.747925262836532
0.747925262836532
0.747925262836532
0.747925262836532
0.747925262836532
0.747925262836532
0.747925262836532
0.747925262836532
0.747925262836532
0.747925262836532
0.747925262836532
0.747925262836532
0.747925262836532
0.747925262836532
0.747925262836532
0.747925262836532
0.747925262836532
0.747925262836532
0.747925262836532
0.747925262836532
0.747925262836532
0.747925262836532
0.747925262836532
0.747925262836532
0.747925262836532
0.747925262836532
0.747925262836532
0.747925262836532
0.747925262836532
0.747925262836532
0.747925262836532
0.747925262836532
0.747925262836532
0.747925262836532
0.747925262836532
0.747925262836532
0.747925262836532
0.747925262836532
0.747925262836532
0.747925262836532
0.747925262836532
0.747925262836532
0.747925262836532
0.747925262836532
0.747925262836532
0.747925262836532
0.747925262836532
0.747925262836532
0.747925262836532
0.747925262836532
0.747925262836532
0.747925262836532
0.747925262836532
0.747925262836532
0.747925262836532
0.747925262836532
0.747925262836532
0.747925262836532
0.747925262836532
0.747925262836532
0.747925262836532
0.747925262836532
0.747925262836532
0.747925262836532
0.747925262836532
0.747925262836532
0.747925262836532
0.747925262836532
0.747925262836532
0.747925262836532
0.747925262836532
0.747925262836532
0.747925262836532
0.747925262836532
0.747925262836532
0.747925262836532
0.747925262836532
0.747925262836532
0.747925262836532
0.747925262836532
0.747925262836532
0.747925262836532
0.747925262836532
0.747925262836532
0.747925262836532
0.747925262836532
0.747925262836532
0.747925262836532
0.747925262836532
0.747925262836532
0.747925262836532
0.747925262836532
0.747925262836532
0.747925262836532
0.747925262836532
0.747925262836532
0.747925262836532
0.747925262836532
0.747925262836532
0.747925262836532
0.747925262836532
0.747925262836532
0.747925262836532
0.747925262836532
0.747925262836532
0.747925262836532
0.747925262836532
0.747925262836532
0.747925262836532
0.747925262836532
0.747925262836532
0.747925262836532
0.747925262836532
0.747925262836532
0.747925262836532
0.747925262836532
0.747925262836532
0.747925262836532
0.747925262836532
0.747925262836532
0.747925262836532
0.747925262836532
0.747925262836532
0.747925262836532
0.747925262836532
0.747925262836532
0.747925262836532
0.747925262836532
0.747925262836532
0.747925262836532
0.747925262836532
0.747925262836532
0.747925262836532
0.747925262836532
0.747925262836532
0.747925262836532
0.747925262836532
0.747925262836532
0.747925262836532
0.747925262836532
0.747925262836532
0.747925262836532
0.747925262836532
0.747925262836532
0.747925262836532
0.747925262836532
0.747925262836532
0.747925262836532
0.747925262836532
0.747925262836532
0.747925262836532
0.747925262836532
0.747925262836532
0.747925262836532
0.747925262836532
0.747925262836532
0.747925262836532
0.747925262836532
0.747925262836532
0.747925262836532
0.747925262836532
0.747925262836532
0.747925262836532
0.747925262836532
0.747925262836532
0.747925262836532
0.747925262836532
0.747925262836532
0.747925262836532
0.747925262836532
0.747925262836532
0.747925262836532
0.747925262836532
0.747925262836532
0.747925262836532
0.747925262836532
0.747925262836532
0.747925262836532
0.747925262836532
0.747925262836532
0.747925262836532
0.747925262836532
0.747925262836532
0.747925262836532
0.747925262836532
0.747925262836532
0.747925262836532
0.747925262836532
0.747925262836532
0.747925262836532
0.747925262836532
0.747925262836532
0.747925262836532
0.747925262836532
0.747925262836532
0.747925262836532
0.747925262836532
0.747925262836532
0.747925262836532
0.747925262836532
0.747925262836532
0.747925262836532
0.747925262836532
0.747925262836532
0.747925262836532
0.747925262836532
0.747925262836532
0.747925262836532
0.747925262836532
0.747925262836532
0.747925262836532
0.747925262836532
0.747925262836532
0.747925262836532
0.747925262836532
0.747925262836532
0.747925262836532
0.747925262836532
0.747925262836532
0.747925262836532
0.747925262836532
0.747925262836532
0.747925262836532
0.747925262836532
0.747925262836532
0.747925262836532
0.747925262836532
0.747925262836532
0.747925262836532
0.747925262836532
0.747925262836532
0.747925262836532
0.747925262836532
0.747925262836532
0.747925262836532
0.747925262836532
0.747925262836532
0.747925262836532
0.747925262836532
0.747925262836532
0.747925262836532
0.747925262836532
0.747925262836532
0.747925262836532
0.747925262836532
0.747925262836532
0.747925262836532
0.747925262836532
0.747925262836532
0.747925262836532
0.747925262836532
0.747925262836532
0.747925262836532
0.747925262836532
0.747925262836532
0.747925262836532
0.747925262836532
0.747925262836532
0.747925262836532
0.747925262836532
0.747925262836532
0.747925262836532
0.747925262836532
0.747925262836532
0.747925262836532
0.747925262836532
0.747925262836532
0.747925262836532
0.747925262836532
0.747925262836532
0.747925262836532
0.747925262836532
0.747925262836532
0.747925262836532
0.747925262836532
0.747925262836532
0.747925262836532
0.747925262836532
0.747925262836532
0.747925262836532
0.747925262836532
0.747925262836532
0.747925262836532
0.747925262836532
0.747925262836532
0.747925262836532
0.747925262836532
0.747925262836532
0.747925262836532
0.747925262836532
0.747925262836532
0.747925262836532
0.747925262836532
0.747925262836532
0.747925262836532
0.747925262836532
0.747925262836532
0.747925262836532
0.747925262836532
0.747925262836532
0.747925262836532
0.747925262836532
0.747925262836532
0.747925262836532
0.747925262836532
0.747925262836532
0.747925262836532
0.747925262836532
0.747925262836532
0.747925262836532
0.747925262836532
0.747925262836532
0.747925262836532
0.747925262836532
0.747925262836532
0.747925262836532
0.747925262836532
0.747925262836532
0.747925262836532
0.747925262836532
0.747925262836532
0.747925262836532
0.747925262836532
0.747925262836532
0.747925262836532
0.747925262836532
0.747925262836532
0.747925262836532
0.747925262836532
0.747925262836532
0.747925262836532
0.747925262836532
0.747925262836532
0.747925262836532
0.747925262836532
0.747925262836532
0.747925262836532
0.747925262836532
0.747925262836532
0.747925262836532
0.747925262836532
0.747925262836532
0.747925262836532
0.747925262836532
0.747925262836532
0.747925262836532
0.747925262836532
0.747925262836532
0.747925262836532
0.747925262836532
0.747925262836532
0.747925262836532
0.747925262836532
0.747925262836532
0.747925262836532
0.747925262836532
0.747925262836532
0.747925262836532
0.747925262836532
0.747925262836532
0.747925262836532
0.747925262836532
0.747925262836532
0.747925262836532
0.747925262836532
0.747925262836532
0.747925262836532
0.747925262836532
0.747925262836532
0.747925262836532
0.747925262836532
0.747925262836532
0.747925262836532
0.747925262836532
0.747925262836532
0.747925262836532
0.747925262836532
0.747925262836532
0.747925262836532
0.747925262836532
0.747925262836532
0.747925262836532
0.747925262836532
0.747925262836532
0.747925262836532
0.747925262836532
0.747925262836532
0.747925262836532
0.747925262836532
0.747925262836532
0.747925262836532
0.747925262836532
0.747925262836532
0.747925262836532
0.747925262836532
0.747925262836532
0.747925262836532
0.747925262836532
0.747925262836532
0.747925262836532
0.747925262836532
0.747925262836532
0.747925262836532
0.747925262836532
0.747925262836532
0.747925262836532
0.747925262836532
0.747925262836532
0.747925262836532
0.747925262836532
0.747925262836532
0.747925262836532
0.747925262836532
0.747925262836532
0.747925262836532
0.747925262836532
0.747925262836532
0.747925262836532
0.747925262836532
0.747925262836532
0.747925262836532
0.747925262836532
0.747925262836532
0.747925262836532
0.747925262836532
0.747925262836532
0.747925262836532
0.747925262836532
0.747925262836532
0.747925262836532
0.747925262836532
0.747925262836532
0.747925262836532
0.747925262836532
0.747925262836532
0.747925262836532
0.747925262836532
0.747925262836532
0.747925262836532
0.747925262836532
0.747925262836532
0.747925262836532
0.747925262836532
0.747925262836532
0.747925262836532
0.747925262836532
0.747925262836532
0.747925262836532
0.747925262836532
0.747925262836532
0.747925262836532
0.747925262836532
0.747925262836532
0.747925262836532
0.747925262836532
0.747925262836532
0.747925262836532
0.747925262836532
0.747925262836532
0.747925262836532
0.747925262836532
0.747925262836532
0.747925262836532
0.747925262836532
0.747925262836532
0.747925262836532
0.747925262836532
0.747925262836532
0.747925262836532
0.747925262836532
0.747925262836532
0.747925262836532
0.747925262836532
0.747925262836532
0.747925262836532
0.747925262836532
0.747925262836532
0.747925262836532
0.747925262836532
0.747925262836532
0.747925262836532
0.747925262836532
0.747925262836532
0.747925262836532
0.747925262836532
0.747925262836532
0.747925262836532
0.747925262836532
0.747925262836532
0.747925262836532
0.747925262836532
0.747925262836532
0.747925262836532
0.747925262836532
0.747925262836532
0.747925262836532
0.747925262836532
0.747925262836532
0.747925262836532
0.747925262836532
0.747925262836532
0.747925262836532
0.747925262836532
0.747925262836532
0.747925262836532
0.747925262836532
0.747925262836532
0.747925262836532
0.747925262836532
0.747925262836532
0.747925262836532
0.747925262836532
0.747925262836532
0.747925262836532
0.747925262836532
0.747925262836532
0.747925262836532
0.747925262836532
0.747925262836532
0.747925262836532
0.747925262836532
0.747925262836532
0.747925262836532
0.747925262836532
0.747925262836532
0.747925262836532
0.747925262836532
0.747925262836532
0.747925262836532
0.747925262836532
0.747925262836532
0.747925262836532
0.747925262836532
0.747925262836532
0.747925262836532
0.747925262836532
0.747925262836532
0.747925262836532
0.747925262836532
0.747925262836532
0.747925262836532
0.747925262836532
0.747925262836532
0.747925262836532
0.747925262836532
0.747925262836532
0.747925262836532
0.747925262836532
0.747925262836532
0.747925262836532
0.747925262836532
0.747925262836532
0.747925262836532
0.747925262836532
0.747925262836532
0.747925262836532
0.747925262836532
0.747925262836532
0.747925262836532
0.747925262836532
0.747925262836532
0.747925262836532
0.747925262836532
0.747925262836532
0.747925262836532
0.747925262836532
0.747925262836532
0.747925262836532
0.747925262836532
0.747925262836532
0.747925262836532
0.747925262836532
0.747925262836532
0.747925262836532
0.747925262836532
0.747925262836532
0.747925262836532
0.747925262836532
0.747925262836532
0.747925262836532
0.747925262836532
0.747925262836532
0.747925262836532
0.747925262836532
0.747925262836532
0.747925262836532
0.747925262836532
0.747925262836532
0.747925262836532
0.747925262836532
0.747925262836532
0.747925262836532
0.747925262836532
0.747925262836532
0.747925262836532
0.747925262836532
0.747925262836532
0.747925262836532
0.747925262836532
0.747925262836532
0.747925262836532
0.747925262836532
0.747925262836532
0.747925262836532
0.747925262836532
0.747925262836532
0.747925262836532
0.747925262836532
0.747925262836532
0.747925262836532
0.747925262836532
0.747925262836532
0.747925262836532
0.747925262836532
0.747925262836532
0.747925262836532
0.747925262836532
0.747925262836532
0.747925262836532
0.747925262836532
0.747925262836532
0.747925262836532
0.747925262836532
0.747925262836532
0.747925262836532
0.747925262836532
0.747925262836532
0.747925262836532
0.747925262836532
0.747925262836532
0.747925262836532
0.747925262836532
0.747925262836532
0.747925262836532
0.747925262836532
0.747925262836532
0.747925262836532
0.747925262836532
0.747925262836532
0.747925262836532
0.747925262836532
0.747925262836532
0.747925262836532
0.747925262836532
0.747925262836532
0.747925262836532
0.747925262836532
0.747925262836532
0.747925262836532
0.747925262836532
0.747925262836532
0.747925262836532
0.747925262836532
0.747925262836532
0.747925262836532
0.747925262836532
0.747925262836532
0.747925262836532
0.747925262836532
0.747925262836532
0.747925262836532
0.747925262836532
0.747925262836532
0.747925262836532
0.747925262836532
0.747925262836532
0.747925262836532
0.747925262836532
0.747925262836532
0.747925262836532
0.747925262836532
0.747925262836532
0.747925262836532
0.747925262836532
0.747925262836532
0.747925262836532
0.747925262836532
0.747925262836532
0.747925262836532
0.747925262836532
0.747925262836532
0.747925262836532
0.747925262836532
0.747925262836532
0.747925262836532
0.747925262836532
0.747925262836532
0.747925262836532
0.747925262836532
0.747925262836532
0.747925262836532
0.747925262836532
0.747925262836532
0.747925262836532
0.747925262836532
0.747925262836532
0.747925262836532
0.747925262836532
0.747925262836532
0.747925262836532
0.747925262836532
0.747925262836532
0.747925262836532
0.747925262836532
0.747925262836532
0.747925262836532
0.747925262836532
0.747925262836532
0.747925262836532
0.747925262836532
0.747925262836532
0.747925262836532
0.747925262836532
0.747925262836532
0.747925262836532
0.747925262836532
0.747925262836532
0.747925262836532
0.747925262836532
0.747925262836532
0.747925262836532
0.747925262836532
0.747925262836532
0.747925262836532
0.747925262836532
0.747925262836532
0.747925262836532
0.747925262836532
0.747925262836532
0.747925262836532
0.747925262836532
0.747925262836532
0.747925262836532
0.747925262836532
0.747925262836532
0.747925262836532
0.747925262836532
0.747925262836532
0.747925262836532
0.747925262836532
0.747925262836532
0.747925262836532
0.747925262836532
0.747925262836532
0.747925262836532
0.747925262836532
0.747925262836532
0.747925262836532
0.747925262836532
0.747925262836532
0.747925262836532
0.747925262836532
0.747925262836532
0.747925262836532
0.747925262836532
0.747925262836532
0.747925262836532
0.747925262836532
0.747925262836532
0.747925262836532
0.747925262836532
0.747925262836532
0.747925262836532
0.747925262836532
0.747925262836532
0.747925262836532
0.747925262836532
0.747925262836532
0.747925262836532
0.747925262836532
0.747925262836532
0.747925262836532
0.747925262836532
0.747925262836532
0.747925262836532
0.747925262836532
0.747925262836532
0.747925262836532
0.747925262836532
0.747925262836532
0.747925262836532
0.747925262836532
0.747925262836532
0.747925262836532
0.747925262836532
0.747925262836532
0.747925262836532
0.747925262836532
0.747925262836532
0.747925262836532
0.747925262836532
0.747925262836532
0.747925262836532
0.747925262836532
0.747925262836532
0.747925262836532
0.747925262836532
0.747925262836532
0.747925262836532
0.747925262836532
0.747925262836532
0.747925262836532
0.747925262836532
0.747925262836532
0.747925262836532
0.747925262836532
0.747925262836532
0.747925262836532
0.747925262836532
0.747925262836532
0.747925262836532
0.747925262836532
0.747925262836532
0.747925262836532
0.747925262836532
0.747925262836532
0.747925262836532
0.747925262836532
0.747925262836532
0.747925262836532
0.747925262836532
0.747925262836532
0.747925262836532
0.747925262836532
0.747925262836532
0.747925262836532
0.747925262836532
0.747925262836532
0.747925262836532
0.747925262836532
0.747925262836532
0.747925262836532
0.747925262836532
0.747925262836532
0.747925262836532
0.747925262836532
0.747925262836532
0.747925262836532
0.747925262836532
0.747925262836532
0.747925262836532
0.747925262836532
0.747925262836532
0.747925262836532
0.747925262836532
0.747925262836532
0.747925262836532
0.747925262836532
0.747925262836532
0.747925262836532
0.747925262836532
0.747925262836532
0.747925262836532
0.747925262836532
0.747925262836532
0.747925262836532
0.747925262836532
0.747925262836532
0.747925262836532
0.747925262836532
0.747925262836532
0.747925262836532
0.747925262836532
0.747925262836532
0.747925262836532
0.747925262836532
0.747925262836532
0.747925262836532
0.747925262836532
0.747925262836532
0.747925262836532
0.747925262836532
0.747925262836532
0.747925262836532
0.747925262836532
0.747925262836532
0.747925262836532
0.747925262836532
0.747925262836532
0.747925262836532
0.747925262836532
0.747925262836532
0.747925262836532
0.747925262836532
0.747925262836532
0.747925262836532
0.747925262836532
0.747925262836532
0.747925262836532
0.747925262836532
0.747925262836532
0.747925262836532
0.747925262836532
0.747925262836532
0.747925262836532
0.747925262836532
0.747925262836532
0.747925262836532
0.747925262836532
0.747925262836532
0.747925262836532
0.747925262836532
0.747925262836532
0.747925262836532
0.747925262836532
0.747925262836532
0.747925262836532
0.747925262836532
0.747925262836532
0.747925262836532
0.747925262836532
0.747925262836532
0.747925262836532
0.747925262836532
0.747925262836532
0.747925262836532
0.747925262836532
0.747925262836532
0.747925262836532
0.747925262836532
0.747925262836532
0.748554820855160
0.749184268035400
0.749813602749225
0.750442823336864
0.751071928106037
0.751700915331160
0.752329783252530
0.752958530075489
0.753587153969555
0.754215653067539
0.754844025464626
0.755472269217432
0.756100382343037
0.756728362817980
0.757356208577235
0.757983917513143
0.758611487474324
0.759238916264549
0.759866201641576
0.760493341315954
0.761120332949789
0.761747174155472
0.762373862494362
0.763000395475436
0.763626770553891
0.764252985129699
0.764879036546128
0.765504922088196
0.766130638981097
0.766756184388557
0.767381555411151
0.768006749084553
0.768631762377740
0.769256592191127
0.769881235354646
0.770505688625758
0.771129948687401
0.771754012145865
0.772377875528599
0.773001535281942
0.773624987768774
0.774248229266090
0.774871255962490
0.775494063955578
0.776116649249271
0.776739007751022
0.777361135268931
0.777983027508767
0.778604680070872
0.779226088446964
0.779847248016822
0.780468154044844
0.781088801676494
0.781709185934604
0.782329301715551
0.782949143785285
0.783568706775219
0.784187985177952
0.784806973342846
0.785425665471426
0.786044055612608
0.786662137657747
0.787279905335493
0.787897352206449
0.788514471657623
0.789131256896662
0.789747700945864
0.790363796635945
0.790979536599572
0.791594913264627
0.792209918847209
0.792824545344348
0.793438784526430
0.794052627929312
0.794666066846108
0.795279092318649
0.795891695128578
0.796503865788083
0.797115594530238
0.797726871298937
0.798337685738410
0.798948027182283
0.799557884642177
0.800167246795816
0.800776101974620
0.801384438150764
0.801992242923660
0.802599503505862
0.803206206708338
0.803812338925088
0.804417886117084
0.805022833795482
0.805627167004083
0.806230870300996
0.806833927739468
0.807436322847835
0.808038038608552
0.808639057436254
0.809239361154798
0.809838930973228
0.810437747460622
0.811035790519743
0.811633039359454
0.812229472465804
0.812825067571752
0.813419801625420
0.814013650756827
0.814606590243006
0.815198594471426
0.815789636901633
0.816379690025005
0.816968725322530
0.817556713220503
0.818143623044025
0.818729422968191
0.819314079966850
0.819897559758801
0.820479826751296
0.821060843980700
0.821640573050174
0.822218974064211
0.822796005559870
0.823371624434533
0.823945785870018
0.824518443252837
0.825089548090443
0.825659049923227
0.826226896232087
0.826793032341330
0.827357401316702
0.827919943858304
0.828480598188171
0.829039299932266
0.829595981996638
0.830150574437525
0.830703004325122
0.831253195600792
0.831801068927463
0.832346541532987
0.832889527046222
0.833429935325639
0.833967672280245
0.834502639682661
0.835034734974222
0.835563851061975
0.836089876107553
0.836612693307893
0.837132180667897
0.837648210765162
0.838160650507047
0.838669360880417
0.839174196694559
0.839675006317916
0.840171631409441
0.840663906645592
0.841151659444218
0.841634709686818
0.842112869440988
0.842585942685167
0.843053725038165
0.843516003496385
0.843972556182051
0.844423152106287
0.844867550951396
0.845305502877246
0.845736748357289
0.846161018050348
0.846578032714968
0.846987503173766
0.847389130335865
0.847782605286130
0.848167609450457
0.848543814846887
0.848910884432669
0.849268472557607
0.849616225534073
0.849953782333827
0.850280775421261
0.850596831731847
0.850901573803287
0.851194621065194
0.851475591290931
0.851744102212587
0.851999773296906
0.852242227676278
0.852471094224866
0.852686009765394
0.852886621387461
0.853072588853361
0.853243587062617
0.853399308541948
0.853539465923345
0.853663794369689
0.853772053904997
0.853864031605262
0.853939543606057
0.853998436884734
0.854040590778240
0.854065918202229